00000000000255
00000000002590
00000000008166
00000000005918
00000000008165
00000000002512
00000000001137
00000000002592
00000000002596
00000000009219
00000000001062
00000000002594
00000000008427
00000000008164
00000000009222
00000000008886
00000000011324
00000000005922
00000000006221
00000000007017
00000000006025
00000000008163
00000000007344
00000000000281
00000000003707
00000000013152
00000000013951
00000000004790
00000000002261
00000000010091
00000000010089
00000000011627
00000000014027
00000000002597
00000000002593
00000000014856
00000000010798
00000000016905
00000000003922
00000000002591
00000000004691
00000000002595
00000000003041
00000000014019
00000000011536
00000000013117
00000000016858
00000000016873
00000000016895
00000000016998
00000000016906
00000000016908
00000000016984
00000000012841
00000000014017
00000000014026
00000000016927
00000000016248
00000000007021
00000000012919
00000000009581
00000000001424
00000000007394
00000000006997
00000000006618
00000000013135
00000000005532
00000000009161
00000000013154
00000000011828
00000000016907
00000000016910
00000000016976
00000000016975
00000000016991
00000000016973