0001438748
0000188409
0000184314
0000545910
0001015176
0001336946
0001379099
0000894982
0000043988
0001094866
0001370087
0001398827
0000370584
0000770540
0000026310
0001585890
0001585664
0001585745
0001585665
0000238651
0000417149
0000196967
0001585743
0000070638
0000478660
0000235180
0000453293
0001059963
0001364365
0001405525
0000750476
0000424498
0000876461
0001535587
0000210897
0001383939
0000385492
0001630256
0001556305
0001638854
0001343801
0000283495
0001452762
0001623273
0001476008
0000164879
0001190997
0000238627
0001416916
0001191330
0000438006
0001398775
0001479994
0000193550
0000075586
0001475394
0001592133
0001452195
0000451320
0000277827
0000145947
0001506498
0001478207
0000247138
0001379837
0001381316
0001378569
0000197610
0001611929
0001601424
0000214205
0000438383
0000783218
0001582766
0001601432
0000947610
0001614539
0001477278
0001363532
0000199567
0000026160
0000026633
0000026125
0000026251